lastAccountName: Not40yearsold
timestamps:
  login: 1467693677701
  logout: 1467692905866
ipAddress: 23.126.116.128
lastlocation:
  world: world
  x: -121.0
  y: 70.0
  z: -25.0
  yaw: 0.0
  pitch: 0.0
logoutlocation:
  world: factions
  x: 16.74821096572858
  y: 73.0
  z: 4.700397734928912
  yaw: 21.412292
  pitch: 28.620337
