lastAccountName: LYNESTAR_YT
timestamps:
  login: 1469752692692
  logout: 1469753256606
ipAddress: 31.48.225.143
lastlocation:
  world: minigames
  x: -132.96606979878305
  y: 4.0
  z: 150.75477386247852
  yaw: -198.44746
  pitch: 6.450023
logoutlocation:
  world: plots
  x: 53.6060670520659
  y: 65.0
  z: 0.9233405289368037
  yaw: -250.4456
  pitch: 12.490402
