lastAccountName: HenryMorgan111
timestamps:
  login: 1468631154328
  kits:
    member: 1468357135804
  lastteleport: 1468631383345
  logout: 1468631496713
ipAddress: 173.170.39.197
lastlocation:
  world: world
  x: -129.0658494591156
  y: 78.09629059817037
  z: 177.5360062827892
  yaw: -90.74254
  pitch: 33.599884
nickname: HenryMorgan111
money: '217100'
logoutlocation:
  world: world
  x: -122.35585305847702
  y: 101.0
  z: -19.78954242652207
  yaw: 128.12164
  pitch: 1.9777154
