lastAccountName: Danky808
timestamps:
  login: 1468631360666
  logout: 1468632170471
ipAddress: 72.130.70.7
lastlocation:
  world: world
  x: -121.0
  y: 70.0
  z: -25.0
  yaw: 0.0
  pitch: 0.0
logoutlocation:
  world: world
  x: -131.6770496796451
  y: 101.875
  z: -11.697527611453939
  yaw: -128.87717
  pitch: 39.485832
