lastAccountName: KaemeBr
timestamps:
  login: 1467684020630
  lastteleport: 1467684248361
  logout: 1467684426571
ipAddress: 200.222.70.180
lastlocation:
  world: world
  x: -126.69999998807907
  y: 41.0
  z: -10.305321829626337
  yaw: 178.65462
  pitch: -30.599985
logoutlocation:
  world: world
  x: -128.78263845842915
  y: 102.0
  z: -23.30000001192093
  yaw: 283.8059
  pitch: 15.649195
