lastAccountName: FecelBr
timestamps:
  login: 1468359714207
  logout: 1468359731923
ipAddress: 143.208.144.144
lastlocation:
  world: world
  x: -121.0
  y: 70.0
  z: -25.0
  yaw: 0.0
  pitch: 0.0
logoutlocation:
  world: world
  x: -132.8641706417495
  y: 100.0
  z: 4.699999988079073
  yaw: 359.1057
  pitch: 27.799183
