lastAccountName: _YouAlwaysWin
timestamps:
  login: 1469886467368
  lastteleport: 1469886789450
  logout: 1469901101151
ipAddress: 92.109.48.55
lastlocation:
  world: spawn
  x: 28.00288654362069
  y: 42.82471525096411
  z: 311.1868784827734
  yaw: -147.22318
  pitch: 10.251621
logoutlocation:
  world: spawn
  x: -376.7453880819221
  y: 54.519375454979155
  z: 310.7906005986963
  yaw: -180.31763
  pitch: 79.10869
nickname: Mizter
afk: false
