lastAccountName: SkyTheDev
timestamps:
  login: 1459115290460
  lastteleport: 1459114736743
  logout: 1459115317833
ipAddress: 2.101.94.176
geolocation: United Kingdom
lastlocation:
  world: world
  x: -120.54345848260556
  y: 183.69431534675044
  z: -24.36297996276344
  yaw: -274.0109
  pitch: 90.0
logoutlocation:
  world: world
  x: -130.58494673375716
  y: 102.0
  z: -20.635143298497955
  yaw: -91.73184
  pitch: 20.05416
nickname: §bSky
