lastAccountName: Theoriest
timestamps:
  login: 1467927327136
  logout: 1467927336730
ipAddress: 96.236.156.48
lastlocation:
  world: world
  x: -121.0
  y: 70.0
  z: -25.0
  yaw: 0.0
  pitch: 0.0
logoutlocation:
  world: world
  x: -129.7663405711671
  y: 102.0
  z: -21.536901699465417
  yaw: -15.508587
  pitch: 12.713459
