lastAccountName: iGankOp
timestamps:
  login: 1468632303918
  logout: 1468632493632
ipAddress: 75.83.207.47
lastlocation:
  world: world
  x: -121.0
  y: 70.0
  z: -25.0
  yaw: 0.0
  pitch: 0.0
logoutlocation:
  world: world
  x: -125.6999999880791
  y: 101.5
  z: -17.699999988079064
  yaw: -229.00226
  pitch: -0.2059543
