lastAccountName: S_p_a_c_e_s
timestamps:
  login: 1470304384416
  lastteleport: 1467700860721
  logout: 1470304457621
ipAddress: 90.216.19.186
lastlocation:
  world: world
  x: -150.09888467927686
  y: 97.0
  z: -20.455895995555963
  yaw: -95.09412
  pitch: 90.0
logoutlocation:
  world: skywars
  x: 12.067482528733589
  y: 4.5
  z: 2.0376788012648057
  yaw: 326.99997
  pitch: -8.550005
