lastAccountName: KawaiiMaddison
timestamps:
  login: 1468801644679
  lastteleport: 1468801743107
  logout: 1468802427482
ipAddress: 67.246.128.211
lastlocation:
  world: minigames
  x: -330.36489679569127
  y: 5.0
  z: -741.5166940296012
  yaw: 341.93167
  pitch: 16.650011
logoutlocation:
  world: minigames
  x: -339.4931950442373
  y: 5.0
  z: -734.6786804502223
  yaw: 289.73242
  pitch: -39.000042
