lastAccountName: ASCM123
timestamps:
  login: 1468195040959
  logout: 1468195140167
ipAddress: 67.141.170.174
lastlocation:
  world: world
  x: -121.0
  y: 70.0
  z: -25.0
  yaw: 0.0
  pitch: 0.0
logoutlocation:
  world: world
  x: -131.3023716166128
  y: 101.0
  z: -10.762499988079071
  yaw: 156.60583
  pitch: 19.999186
