lastAccountName: TheDashDevel
timestamps:
  login: 1468273697974
  logout: 1468273720707
ipAddress: 174.92.68.132
lastlocation:
  world: world
  x: -121.0
  y: 70.0
  z: -25.0
  yaw: 0.0
  pitch: 0.0
logoutlocation:
  world: world
  x: -123.43127223337103
  y: 101.0
  z: -19.215055632551206
  yaw: 213.90572
  pitch: 22.699156
