geolocation: United Kingdom
lastAccountName: Nazar_Gaming
timestamps:
  login: 1459108426858
  logout: 1459108482467
  lastteleport: 1459108464796
ipAddress: 86.190.227.39
lastlocation:
  world: world
  x: -120.5
  y: 70.0
  z: -24.5
  yaw: -177.90108
  pitch: 8.700151
logoutlocation:
  world: world
  x: -120.5
  y: 70.0
  z: -24.5
  yaw: -177.90108
  pitch: 8.700151
