lastAccountName: nayslay3r
timestamps:
  login: 1468903867759
  logout: 1468903895187
ipAddress: 99.67.114.208
lastlocation:
  world: world
  x: -121.0
  y: 70.0
  z: -25.0
  yaw: 0.0
  pitch: 0.0
logoutlocation:
  world: factions
  x: 290.53732571516576
  y: 73.0
  z: -98.31865618782098
  yaw: -109.644135
  pitch: 24.772417
