lastAccountName: ObamasLeftToe
timestamps:
  login: 1468359565950
  logout: 1468359719396
ipAddress: 98.195.225.57
lastlocation:
  world: world
  x: -121.0
  y: 70.0
  z: -25.0
  yaw: 0.0
  pitch: 0.0
logoutlocation:
  world: world
  x: -109.25054822791128
  y: 99.0
  z: -20.22827646119031
  yaw: -90.31096
  pitch: 5.2097063
