lastAccountName: x_LegitShadow_x
timestamps:
  login: 1468100773345
  logout: 1468100860285
ipAddress: 72.192.7.114
lastlocation:
  world: world
  x: -121.0
  y: 70.0
  z: -25.0
  yaw: 0.0
  pitch: 0.0
logoutlocation:
  world: world
  x: -128.9026653800172
  y: 101.0
  z: -10.459427898806968
  yaw: 12.306091
  pitch: 13.699197
