lastAccountName: GizzyLove789
timestamps:
  login: 1467683066950
  logout: 1467683105221
ipAddress: 73.99.20.175
lastlocation:
  world: world
  x: -121.0
  y: 70.0
  z: -25.0
  yaw: 0.0
  pitch: 0.0
logoutlocation:
  world: world
  x: -129.68433267923777
  y: 101.0
  z: -10.045662161890062
  yaw: 183.00542
  pitch: 4.2491345
