lastAccountName: CaptainBanana37
timestamps:
  login: 1467649261001
  lastteleport: 1467599882188
  logout: 1467649316233
ipAddress: 99.241.19.215
geolocation: Canada
lastlocation:
  world: factions
  x: -77.88290533735362
  y: 88.48769163462185
  z: -469.14573835914746
  yaw: -246.60016
  pitch: -44.249992
nickname: §b§LCaptain
logoutlocation:
  world: world
  x: -115.05194743774572
  y: 107.48951251423071
  z: -19.01063536913865
  yaw: -83.243355
  pitch: 17.25002
