geolocation: United States
lastAccountName: BirdoYt
timestamps:
  login: 1470095150503
  kits:
    member: 1467605337997
  logout: 1470095318671
ipAddress: 73.54.232.129
lastlocation:
  world: world
  x: -121.0
  y: 70.0
  z: -25.0
  yaw: 0.0
  pitch: 0.0
logoutlocation:
  world: world
  x: -132.79856623394693
  y: 101.5
  z: -16.616436936832322
  yaw: -71.843994
  pitch: 46.499992
nickname: Birdo
