lastAccountName: the_bully92
timestamps:
  login: 1467691286377
  logout: 1467691291617
ipAddress: 104.13.0.154
lastlocation:
  world: world
  x: -121.0
  y: 70.0
  z: -25.0
  yaw: 0.0
  pitch: 0.0
logoutlocation:
  world: world
  x: -136.70000049140535
  y: 101.0
  z: -18.33754606969439
  yaw: 143.40547
  pitch: 25.56812
