lastAccountName: TechnicWolfie
timestamps:
  login: 1471649046439
  lastteleport: 1471649067843
  logout: 1471649215939
ipAddress: 50.148.63.21
lastlocation:
  world: plots
  x: -56.856070807941975
  y: 115.11379667381966
  z: -66.1129945805121
  yaw: 63.550884
  pitch: 45.706093
logoutlocation:
  world: factions
  x: 53.03779557343716
  y: 95.60297275837128
  z: -48.36056476631165
  yaw: -258.8589
  pitch: 25.638393
nickname: §4W§eo§7l§ef§ei§4e
godmode: true
afk: false
