lastAccountName: Unstopable1015
timestamps:
  login: 1467692411292
  kits:
    member: 1467692454556
  logout: 1467692470289
ipAddress: 174.134.166.87
lastlocation:
  world: world
  x: -121.0
  y: 70.0
  z: -25.0
  yaw: 0.0
  pitch: 0.0
logoutlocation:
  world: factions
  x: 11.017925924795865
  y: 73.0
  z: -2.8317727707545446
  yaw: 96.39575
  pitch: 23.934679
