geolocation: United States
lastAccountName: xNoHaxsJustSkill
timestamps:
  login: 1459107714349
  lastteleport: 1459107800379
  logout: 1459107809331
ipAddress: 108.41.232.224
lastlocation:
  world: world
  x: -124.18435968925421
  y: 70.0
  z: -48.103543049894846
  yaw: -271.64102
  pitch: 20.835976
logoutlocation:
  world: world
  x: -112.07204911893409
  y: 70.0
  z: -29.903683761490267
  yaw: -165.42474
  pitch: -1.682821
