lastAccountName: SwissArmyTurtle
timestamps:
  login: 1468822411327
  logout: 1468822433382
ipAddress: 75.80.194.241
lastlocation:
  world: factions
  x: -33148.5
  y: 109.0
  z: 33948.5
  yaw: 262.96243
  pitch: 90.0
logoutlocation:
  world: world
  x: -138.2149463444935
  y: 101.0
  z: -19.659770805128467
  yaw: 123.75567
  pitch: 11.899179
