geolocation: United Kingdom
lastAccountName: DTay11PlayzMc
timestamps:
  login: 1459110718670
  lastteleport: 1459110472240
  logout: 1459111720745
ipAddress: 5.67.152.84
lastlocation:
  world: world
  x: -131.31770776181483
  y: 141.36778062099896
  z: -19.48390245496102
  yaw: 240.4468
  pitch: 90.0
logoutlocation:
  world: world
  x: -142.76771573340662
  y: 76.29040735861892
  z: 34.531940847438506
  yaw: 2.3105469
  pitch: 24.978245
