geolocation: United States
lastAccountName: KillerOp28
timestamps:
  login: 1467599049314
  logout: 1467599107844
ipAddress: 68.60.1.227
lastlocation:
  world: world
  x: -121.0
  y: 70.0
  z: -25.0
  yaw: 0.0
  pitch: 0.0
logoutlocation:
  world: world
  x: -133.69999998807907
  y: 99.0
  z: -41.78012412355348
  yaw: -249.44438
  pitch: -54.700832
