lastAccountName: PyroMinecraftian
timestamps:
  login: 1468475977788
  logout: 1468476006596
  kits:
    member: 1468196440498
  lastteleport: 1468196821982
ipAddress: 172.248.77.22
lastlocation:
  world: spawn
  x: 3.3125512321046724
  y: 111.5
  z: 5.555127719970622
  yaw: 147.74986
  pitch: 7.8000665
logoutlocation:
  world: minigames
  x: -147.8146397057784
  y: 3.0
  z: 67.96891536497093
  yaw: 248.3393
  pitch: 21.750181
