lastAccountName: MattTheBuddy
timestamps:
  login: 1467602461609
  logout: 1467602475578
ipAddress: 174.115.158.214
geolocation: Canada
lastlocation:
  world: world
  x: -121.0
  y: 70.0
  z: -25.0
  yaw: 0.0
  pitch: 0.0
logoutlocation:
  world: world
  x: -128.78995960991767
  y: 102.0
  z: -21.10368803031773
  yaw: -76.79687
  pitch: 19.347187
