lastAccountName: Azeract
timestamps:
  login: 1468632021464
  logout: 1468632087869
ipAddress: 65.190.27.168
lastlocation:
  world: factions
  x: 7.559819615946227
  y: 75.0
  z: -51.69999998807907
  yaw: 183.64845
  pitch: 36.794983
logoutlocation:
  world: world
  x: -132.13112963240238
  y: 99.0
  z: 1.7689045722912837
  yaw: 202.17606
  pitch: 21.361723
