lastAccountName: mrsupersir
timestamps:
  login: 1467686017237
  logout: 1467686165466
ipAddress: 137.119.73.54
lastlocation:
  world: world
  x: -121.0
  y: 70.0
  z: -25.0
  yaw: 0.0
  pitch: 0.0
logoutlocation:
  world: factions
  x: -16.69999998807907
  y: 63.0
  z: -6.628165912057149
  yaw: -265.305
  pitch: 27.203957
