lastAccountName: DomPlayzz
timestamps:
  login: 1468025334742
  lastteleport: 1467685648785
  kits:
    member: 1467685650436
  logout: 1468025496099
ipAddress: 108.230.194.164
lastlocation:
  world: world
  x: -124.51761493919037
  y: 41.0
  z: -11.333134553942868
  yaw: -142.09079
  pitch: 22.00679
logoutlocation:
  world: factions
  x: -395.5467238391374
  y: 64.0
  z: -156.2482282899325
  yaw: -2.2972372
  pitch: -8.918421
