lastAccountName: UziVert
timestamps:
  login: 1467728254412
  logout: 1467728297114
ipAddress: 99.62.18.65
lastlocation:
  world: world
  x: -121.0
  y: 70.0
  z: -25.0
  yaw: 0.0
  pitch: 0.0
logoutlocation:
  world: factions
  x: 18.02951306313215
  y: 73.0
  z: -14.304686312926428
  yaw: 179.99997
  pitch: 18.000002
