lastAccountName: TheHyp3st
timestamps:
  login: 1468631318632
  kits:
    member: 1467687495407
  logout: 1468632924118
  lastteleport: 1468632461077
ipAddress: 72.130.70.7
lastlocation:
  world: world
  x: -124.86038978312506
  y: 41.0
  z: -12.457169260546733
  yaw: 291.07928
  pitch: 39.987755
logoutlocation:
  world: world
  x: -138.17524240811588
  y: 101.0
  z: -21.762499988079078
  yaw: -91.80787
  pitch: 36.8401
