lastAccountName: LilJoshGamer2413
timestamps:
  login: 1467647275097
  logout: 1467647319833
ipAddress: 72.137.134.222
geolocation: Canada
lastlocation:
  world: world
  x: -121.0
  y: 70.0
  z: -25.0
  yaw: 0.0
  pitch: 0.0
logoutlocation:
  world: factions
  x: 22.14701165094862
  y: 74.53029580368398
  z: -3.6298238795644098
  yaw: 260.99982
  pitch: 25.799982
