lastAccountName: _xXBO2Xx_
timestamps:
  login: 1467685034549
  kits:
    member: 1467685142144
  logout: 1467685166499
ipAddress: 122.104.3.240
lastlocation:
  world: world
  x: -121.0
  y: 70.0
  z: -25.0
  yaw: 0.0
  pitch: 0.0
logoutlocation:
  world: factions
  x: 13.949740122892042
  y: 73.0
  z: 2.9323538855911373
  yaw: -24.749512
  pitch: 51.899986
