lastAccountName: Angalen30237
timestamps:
  login: 1468241664069
  logout: 1468241730882
ipAddress: 71.13.36.238
lastlocation:
  world: world
  x: -121.0
  y: 70.0
  z: -25.0
  yaw: 0.0
  pitch: 0.0
logoutlocation:
  world: world
  x: -129.44340040291195
  y: 102.0
  z: -20.511112746314197
  yaw: -1.6444702
  pitch: 90.0
