lastAccountName: DomGamer
timestamps:
  login: 1459109471391
  lastteleport: 1459107695033
  logout: 1459109483254
ipAddress: 216.58.27.18
geolocation: Canada
lastlocation:
  world: world
  x: -122.22657057995711
  y: 41.0
  z: -15.670712071922047
  yaw: 184.61488
  pitch: 11.124037
logoutlocation:
  world: world
  x: -126.0039323903612
  y: 41.0
  z: -11.522888034229027
  yaw: -164.18718
  pitch: 18.620605
