geolocation: United States
lastAccountName: PureKing_
timestamps:
  login: 1459807854161
  lastteleport: 1459805072186
  logout: 1459807875809
  kits:
    oblivious: 1459805081409
ipAddress: 74.76.28.251
lastlocation:
  world: shop
  x: 3.3303003413992966
  y: 61.0
  z: 50.81583703056285
  yaw: -96.86935
  pitch: -2.5792427
logoutlocation:
  world: world
  x: 479.6525857005098
  y: 69.10408037809304
  z: -35.95737248915346
  yaw: 190.54779
  pitch: 28.66354
nickname: ยง5PureKing_
