lastAccountName: Jackasaurus0131
timestamps:
  login: 1459720683833
  logout: 1459720776208
ipAddress: 98.178.139.14
geolocation: United States
lastlocation:
  world: world
  x: -121.0
  y: 70.0
  z: -25.0
  yaw: 0.0
  pitch: 0.0
logoutlocation:
  world: world
  x: -128.43524764977855
  y: 99.0
  z: 5.5449588581714035
  yaw: 344.10565
  pitch: 35.299152
