geolocation: Norway
lastAccountName: Lukluk1233
timestamps:
  login: 1459110636335
  logout: 1459111111834
ipAddress: 84.208.56.107
lastlocation:
  world: world
  x: -121.0
  y: 70.0
  z: -25.0
  yaw: 0.0
  pitch: 0.0
logoutlocation:
  world: world
  x: -120.69999998807907
  y: 45.0
  z: -17.30000001192093
  yaw: 62.54918
  pitch: 68.25001
