lastAccountName: JayyFree
timestamps:
  login: 1470028139556
  lastteleport: 1467688666168
  kits:
    member: 1467685419060
  logout: 1470028146733
ipAddress: 76.170.10.182
lastlocation:
  world: minigames
  x: -59.51922848212973
  y: 4.0
  z: 138.02886003740355
  yaw: -343.12427
  pitch: 13.050104
logoutlocation:
  world: factions
  x: 114.08542983022616
  y: 70.0
  z: -198.69999998807907
  yaw: 150.3011
  pitch: 8.700096
