geolocation: United States
lastAccountName: XxMinecraftHeroX
timestamps:
  login: 1467618371883
  logout: 1467618428169
ipAddress: 99.7.143.35
lastlocation:
  world: world
  x: -121.0
  y: 70.0
  z: -25.0
  yaw: 0.0
  pitch: 0.0
logoutlocation:
  world: world
  x: -128.87980164826223
  y: 100.0
  z: -34.93701152564799
  yaw: 3.6051636
  pitch: 31.099207
