lastAccountName: ItsMikeYT_
timestamps:
  login: 1459108425286
  logout: 1459108525109
ipAddress: 5.70.91.99
geolocation: United Kingdom
lastlocation:
  world: world
  x: -123.5
  y: 70.0
  z: -34.5
  yaw: 0.0
  pitch: 0.0
logoutlocation:
  world: world
  x: -114.88229751001708
  y: 70.0
  z: -33.46759446781477
  yaw: -358.20065
  pitch: -22.649862
