lastAccountName: tbhflorence
timestamps:
  login: 1468813728566
  logout: 1468813757620
ipAddress: 70.51.41.158
lastlocation:
  world: world
  x: -121.0
  y: 70.0
  z: -25.0
  yaw: 0.0
  pitch: 0.0
logoutlocation:
  world: world
  x: -133.3216201870047
  y: 101.0
  z: -28.359518969943387
  yaw: 32.460205
  pitch: 6.761648
