lastAccountName: ELDZacker
timestamps:
  login: 1468813692747
  lastteleport: 1468813761270
  logout: 1468813767635
ipAddress: 71.172.40.237
lastlocation:
  world: world
  x: -148.92727192872906
  y: 97.02228794179852
  z: -21.100927011753935
  yaw: 280.50586
  pitch: 18.64918
logoutlocation:
  world: world
  x: -62.55335733469091
  y: 7.0
  z: 28.063762393734528
  yaw: 84.16892
  pitch: 15.599993
