lastAccountName: AwesomedudeTDM
timestamps:
  login: 1467685891082
  logout: 1467686047646
ipAddress: 72.11.26.124
lastlocation:
  world: world
  x: -121.0
  y: 70.0
  z: -25.0
  yaw: 0.0
  pitch: 0.0
logoutlocation:
  world: world
  x: -129.26399979614538
  y: 102.0
  z: -18.15877617374828
  yaw: 183.15564
  pitch: 11.29919
