lastAccountName: Jacobhook13
timestamps:
  login: 1468428833875
  logout: 1468428917136
ipAddress: 50.184.182.104
lastlocation:
  world: world
  x: -121.0
  y: 70.0
  z: -25.0
  yaw: 0.0
  pitch: 0.0
logoutlocation:
  world: world
  x: -135.69999998807907
  y: 101.0
  z: -27.010100821909163
  yaw: -263.6943
  pitch: 9.799182
