geolocation: United States
lastAccountName: Unvealings
timestamps:
  login: 1467599613103
  lastteleport: 1467599281830
  logout: 1467599687224
ipAddress: 73.180.2.233
lastlocation:
  world: flatroom
  x: -0.7653715039393284
  y: 97.44490933772477
  z: -2142.7898760359258
  yaw: -354.78445
  pitch: 32.198376
nickname: §c§lUnvealings
logoutlocation:
  world: world
  x: -129.67665459894974
  y: 101.0
  z: -30.78518477807041
  yaw: 174.50876
  pitch: -1.6431217
