lastAccountName: EvilPanda69
timestamps:
  login: 1468372895603
  logout: 1468372910566
ipAddress: 24.236.253.160
lastlocation:
  world: world
  x: -121.0
  y: 70.0
  z: -25.0
  yaw: 0.0
  pitch: 0.0
logoutlocation:
  world: world
  x: -130.03505506158496
  y: 101.0
  z: -29.21857917656473
  yaw: 172.95572
  pitch: 18.199194
