lastAccountName: OhHereComeDatBoi
timestamps:
  login: 1468374555154
  logout: 1468374764798
ipAddress: 73.195.180.159
lastlocation:
  world: world
  x: -121.0
  y: 70.0
  z: -25.0
  yaw: 0.0
  pitch: 0.0
logoutlocation:
  world: world
  x: -132.35690334326003
  y: 103.5
  z: -17.90327343090391
  yaw: 357.16888
  pitch: 16.04333
