world: world
x: -126.69999998807907
y: 41.0
z: -10.300000011920934
yaw: -127.34534
pitch: 23.849998
name: apply
