world: blockparty
x: -201.91631016969006
y: 4.0
z: 10.310223389819512
yaw: -27.112305
pitch: 5.2500176
name: betablockparty
