world: flatroom
x: 32.11166087975833
y: 86.0
z: 43.938106144978384
yaw: -1.170166
pitch: 13.277338
name: BillGates
