world: world
x: -67.52095008624036
y: 7.0
z: 28.541347798857913
yaw: 92.87541
pitch: 89.1
name: BuildShop
