world: spawn
x: 162.22270733288835
y: 5.0
z: -5.223532263569279
yaw: 91.918945
pitch: 72.81587
name: chamber
