world: factions
x: 407.3904420639223
y: 68.0
z: 4.624460938056919
yaw: -173.71953
pitch: 58.413235
name: COMMANDS
