world: skywars
x: -244.69999998807907
y: 15.0
z: -64.6999999880791
yaw: -44.331997
pitch: 44.999958
name: Construct
