world: minigames
x: -333.0786969170783
y: 4.0
z: -721.6707230376979
yaw: -181.56813
pitch: 19.105997
name: Court
