world: factions
x: 29.616994690101006
y: 48.0
z: -18.519353193524513
yaw: -90.150536
pitch: 12.149968
name: Crates
