world: plots
x: -23.29015378424183
y: 71.0
z: -23.476523063976632
yaw: -91.05194
pitch: 2.5499501
name: creative
