world: factions
x: 433.4472201715584
y: 190.0
z: 15.960854089555427
yaw: 95.38862
pitch: 51.60149
name: DK's
