world: factions
x: 18.433451230886625
y: 74.0
z: -3.605671329739024
yaw: 179.69989
pitch: 2.2499886
name: factions
