world: factions
x: 431.5718817604373
y: 225.0
z: -1.3383463659036834
yaw: 89.24762
pitch: 34.63443
name: food
