world: spawn
x: 73.50754006938874
y: 5.0
z: 19.307498048937518
yaw: -253.42438
pitch: 10.218194
name: herobrine
