world: minigames
x: -133.86269283472288
y: 4.0
z: 150.33748981034842
yaw: -159.04932
pitch: 12.479412
name: Kingofladder
