world: minigames
x: -25.85405206419307
y: 4.0
z: 162.8906205058136
yaw: 0.67642474
pitch: 18.868505
name: KitPvP
