world: minigames
x: -133.286750665188
y: 4.0
z: 150.7759946221008
yaw: -180.62305
pitch: 48.300877
name: ladder
