world: minigames
x: -185.54233458226892
y: 67.0
z: 361.8708568455987
yaw: 358.83264
pitch: 71.85497
name: Minigames
