world: minigames
x: -131.4942505772814
y: 4.0
z: 69.85587236509792
yaw: 359.94727
pitch: -0.14980106
name: Parkour
