world: plots
x: -23.5
y: 71.0
z: -23.5
yaw: -90.294655
pitch: 64.58758
name: plots
