world: Sakurasou
x: 667.5123709162569
y: 4.0
z: 172.38764826769514
yaw: 269.96143
pitch: 31.649933
name: sakurasou
