world: world
x: -129.46544277982906
y: 72.0
z: -20.39790962092988
yaw: -270.44452
pitch: -12.70085
name: shop
