world: spawn
x: -9.925000011920924
y: 3.0
z: -14.53119515175075
yaw: 89.97174
pitch: 6.270506
name: shrek
