world: factions
x: -37.992757273160564
y: 63.0
z: -71.66344206792327
yaw: -10.947001
pitch: 35.10002
name: skit1
