world: skywars
x: 6.561917644705077
y: 6.0
z: -0.48712514269828866
yaw: -84.157074
pitch: 45.38826
name: skywars
