world: spawn
x: -43.28501324492489
y: 4.0
z: 289.53820664921994
yaw: -90.328156
pitch: 1.1269746
name: staff
