world: factions
x: 18.484067692852726
y: 74.0
z: -3.6059335072120735
yaw: 181.50043
pitch: 6.4499717
name: Wild
